['support', 'counter']
[0.5767388  0.42326123]
[0.57673097 0.42326918]
[0.5767175  0.42328256]
[0.5767367  0.42326328]
[0.5767103  0.42328972]
[0.576749  0.4232511]
[0.5767134  0.42328665]
[0.57673    0.42327002]
[0.57674867 0.42325145]
[0.5767278  0.42327216]
[0.5767367 0.4232633]
[0.576725 0.423275]
[0.57673776 0.42326227]
[0.5767311  0.42326888]
[0.5767399 0.4232601]
[0.5767423 0.4232578]
[0.5767183  0.42328173]
[0.5767295  0.42327052]
[0.5766981  0.42330185]
[0.5767468  0.42325315]
[0.576719   0.42328104]
[0.57673556 0.42326444]
[0.57674235 0.4232576 ]
[0.5767048  0.42329526]
[0.57671773 0.4232823 ]
[0.5767419  0.42325816]
[0.5767207  0.42327926]
[0.57673943 0.4232606 ]
[0.57671094 0.42328915]
[0.57674116 0.4232588 ]
[0.57671064 0.42328945]
[0.57672846 0.42327154]
[0.57674223 0.4232578 ]
[0.57672507 0.4232749 ]
[0.5767047  0.42329523]
[0.5767233  0.42327678]
[0.57672733 0.42327276]
[0.57673144 0.42326853]
[0.576734 0.423266]
[0.57673436 0.42326567]
[0.5767193 0.4232807]
[0.5767256 0.4232744]
[0.5767295  0.42327052]
[0.5767244  0.42327565]
[0.5767299  0.42327008]
[0.5767221 0.4232779]
[0.5767373  0.42326266]
[0.57674545 0.42325452]
[0.5767219 0.4232781]
[0.57672757 0.42327246]
[0.5767422  0.42325783]
[0.5767248 0.4232752]
[0.5767072  0.42329276]
[0.57670015 0.4232998 ]
[0.5767449  0.42325512]
[0.5767148 0.4232852]
[0.5767372  0.42326283]
[0.5767412 0.4232587]
[0.5767522  0.42324787]
[0.5767357  0.42326438]
[0.5767544 0.4232456]
[0.57674146 0.4232585 ]
[0.57674336 0.42325667]
[0.57671726 0.4232827 ]
[0.57669586 0.42330405]
[0.5767157  0.42328426]
[0.57674664 0.42325342]
[0.5767476 0.4232524]
[0.57672215 0.42327788]
[0.5767415  0.42325845]
[0.57672614 0.4232739 ]
[0.5767318  0.42326817]
[0.57670593 0.42329404]
[0.5767165  0.42328358]
[0.57671607 0.42328393]
[0.5767307 0.4232693]
[0.5767262  0.42327377]
[0.5767274 0.4232726]
[0.5767013  0.42329866]
[0.57669336 0.42330667]
[0.57671237 0.42328766]
[0.5767415  0.42325854]
[0.57671905 0.42328095]
[0.5767458 0.4232542]
[0.5767394  0.42326066]
[0.5767393 0.4232607]
[0.57671785 0.4232822 ]
[0.5767165 0.4232835]
[0.5767436  0.42325634]
[0.57672894 0.42327106]
[0.5767206  0.42327943]
[0.57674575 0.42325425]
[0.5767306  0.42326945]
[0.5767027  0.42329738]
[0.57673854 0.42326146]
[0.5766977  0.42330223]
[0.576711   0.42328903]
[0.5767373  0.42326277]
[0.5767086  0.42329133]
[0.5767306  0.42326945]
[0.57670504 0.42329505]
[0.576727   0.42327303]
[0.576739   0.42326105]
[0.5767125  0.42328754]
[0.5767189 0.4232811]
[0.57674426 0.42325577]
[0.5767189 0.4232811]
[0.57674426 0.42325565]
[0.57674116 0.42325887]
[0.5767411  0.42325887]
[0.57672477 0.42327532]
[0.5767305  0.42326963]
[0.5767388  0.42326137]
[0.57673883 0.42326117]
[0.576733   0.42326704]
[0.57671934 0.42328072]
[0.57674354 0.42325646]
[0.5767301  0.42326993]
[0.5767206  0.42327935]
[0.5767075  0.42329252]
[0.57672226 0.4232778 ]
[0.5767406  0.42325938]
[0.5767324  0.42326757]
[0.57673335 0.42326668]
[0.57671994 0.42328006]
[0.5767295 0.4232706]
[0.57670087 0.4232993 ]
[0.5767161  0.42328393]
[0.57669985 0.4233001 ]
[0.57672197 0.423278  ]
[0.5767133  0.42328668]
[0.5767171  0.42328292]
[0.57672906 0.42327097]
[0.5767439 0.4232561]
[0.57671976 0.4232803 ]
[0.57673913 0.42326087]
[0.5767398  0.42326024]
[0.5767315 0.4232685]
[0.5767127 0.4232873]
[0.5767404 0.4232596]
[0.576694   0.42330602]
[0.5766962  0.42330372]
[0.5767174  0.42328265]
[0.57672393 0.42327607]
[0.576697   0.42330298]
[0.57672733 0.42327267]
[0.5767373  0.42326266]
[0.57668793 0.4233121 ]
[0.57668734 0.42331266]
[0.57672495 0.42327517]
[0.57673746 0.4232626 ]
[0.5767372  0.42326292]
[0.5767419  0.42325816]
[0.57671326 0.4232868 ]
[0.5767314  0.42326865]
[0.576713   0.42328694]
[0.57669896 0.42330113]
[0.5767281  0.42327195]
[0.57673854 0.42326152]
[0.5767098  0.42329028]
[0.57673746 0.4232626 ]
[0.57671547 0.42328462]
[0.5767229  0.42327702]
[0.57673323 0.4232667 ]
[0.57672215 0.42327785]
[0.5767302 0.4232698]
[0.5767394  0.42326066]
[0.5767203 0.4232797]
[0.5767454  0.42325467]
[0.57672745 0.4232725 ]
[0.5767321  0.42326802]
[0.5767352  0.42326477]
[0.5767262  0.42327392]
[0.5767221 0.4232779]
[0.5767038  0.42329618]
[0.5767363  0.42326373]
[0.5767048 0.4232951]
[0.5767438  0.42325616]
[0.5767158 0.4232843]
[0.57671547 0.42328453]
[0.5767297  0.42327034]
[0.57673043 0.4232696 ]
[0.5767108  0.42328927]
[0.57672584 0.42327413]
[0.57671976 0.4232803 ]
[0.57671934 0.4232807 ]
[0.57671714 0.42328286]
[0.57670814 0.4232918 ]
[0.576725 0.423275]
[0.576733   0.42326704]
[0.576731 0.423269]
[0.5767342 0.4232658]
[0.57668924 0.42331082]
[0.57671684 0.4232832 ]
[0.576713   0.42328703]
[0.57672095 0.42327893]
[0.5767376 0.4232624]
[0.5766999  0.42330003]
[0.57672054 0.42327958]
[0.57670444 0.42329562]
[0.5767284 0.4232716]
[0.57673466 0.4232654 ]
[0.5766951  0.42330492]
[0.57674    0.42325997]
[0.5767466  0.42325345]
[0.57670134 0.4232987 ]
[0.5767279 0.4232721]
[0.5766943 0.4233057]
[0.57670337 0.42329666]
[0.5767439 0.4232561]
[0.5767373  0.42326275]
[0.57673776 0.42326236]
[0.5767363  0.42326382]
[0.5767379  0.42326206]
[0.57673556 0.4232644 ]
[0.5767021  0.42329788]
[0.5767326  0.42326754]
[0.5767034  0.42329666]
[0.5767342 0.4232658]
[0.57671475 0.42328516]
[0.5767462  0.42325377]
[0.57671595 0.4232841 ]
[0.57674927 0.42325076]
[0.5767456  0.42325434]
[0.5767388  0.42326123]
[0.5767371  0.42326292]
[0.5767048 0.4232952]
[0.5766926 0.4233074]
[0.5767365  0.42326352]
[0.57674044 0.4232596 ]
[0.57672    0.42328006]
[0.57672244 0.42327753]
[0.5767403  0.42325974]
[0.57672507 0.423275  ]
[0.5767384  0.42326158]
[0.5767393 0.4232608]
[0.5767409  0.42325905]
[0.5767284  0.42327163]
[0.5767139  0.42328608]
[0.5767305  0.42326957]
[0.5767203 0.4232797]
[0.57674146 0.4232586 ]
[0.57672316 0.4232769 ]
[0.5767194  0.42328054]
[0.57672405 0.42327583]
[0.5767287  0.42327127]
[0.5767172  0.42328274]
[0.57671434 0.42328572]
[0.5766984  0.42330164]
[0.57671    0.42329007]
[0.57674634 0.42325366]
[0.57670534 0.42329472]
[0.576746   0.42325413]
[0.57674426 0.42325574]
[0.5767097  0.42329028]
[0.5767372  0.42326283]
[0.5767359  0.42326403]
[0.57673633 0.42326367]
[0.57671714 0.42328286]
[0.5767302 0.4232698]
[0.57671106 0.42328894]
[0.5767321  0.42326787]
[0.5767264  0.42327356]
[0.5767302  0.42326996]
[0.5767374  0.42326266]
[0.57671106 0.42328894]
[0.57670456 0.42329556]
[0.57670283 0.4232972 ]
[0.57672614 0.42327386]
[0.5767285 0.4232714]
[0.5767095  0.42329052]
[0.5767291  0.42327088]
[0.5767405  0.42325956]
[0.57672054 0.4232795 ]
[0.5766939  0.42330605]
[0.5767025  0.42329758]
[0.5767266  0.42327338]
[0.57672405 0.4232759 ]
[0.57671434 0.42328563]
[0.5767231  0.42327696]
[0.5767313  0.42326874]
[0.5767107 0.4232893]
[0.57672304 0.42327696]
[0.57674533 0.42325473]
[0.5767372  0.42326277]
[0.5767343  0.42326564]
[0.5767056  0.42329448]
[0.57673633 0.42326364]
[0.57674336 0.4232567 ]
[0.5767189  0.42328104]
[0.57671607 0.42328396]
[0.57673514 0.4232649 ]
[0.5767117  0.42328838]
[0.57672405 0.42327592]
[0.5767264  0.42327356]
[0.5767438 0.4232563]
[0.5767481 0.423252 ]
[0.5767367  0.42326337]
[0.5767283 0.4232717]
[0.5767122 0.4232879]
[0.57672507 0.42327496]
[0.57672715 0.42327288]
[0.57672596 0.4232741 ]
[0.57674754 0.42325258]
[0.57672596 0.42327404]
[0.5767481 0.423252 ]
[0.576734   0.42326602]
[0.57671225 0.42328778]
[0.5767344 0.4232655]
[0.57671005 0.42328992]
[0.57674325 0.42325673]
[0.5767419  0.42325816]
[0.57673705 0.42326283]
[0.576746  0.4232541]
[0.57674724 0.42325273]
[0.57670087 0.42329916]
[0.57673943 0.4232606 ]
[0.57672846 0.42327145]
[0.5767234  0.42327666]
[0.5767359 0.4232641]
[0.5767079  0.42329207]
[0.5766981  0.42330194]
[0.5767042  0.42329577]
[0.5767299  0.42327014]
[0.5767159 0.4232841]
[0.5767137 0.4232864]
[0.57670414 0.42329592]
[0.5767367 0.4232633]
[0.5767192  0.42328084]
[0.57673633 0.42326373]
[0.57674015 0.42325988]
[0.5767386  0.42326137]
[0.5767253  0.42327482]
[0.5767357  0.42326438]
[0.57671094 0.42328918]
[0.5767274 0.4232726]
[0.5767208  0.42327926]
[0.5767359 0.4232641]
[0.5767186 0.4232813]
[0.5767056  0.42329437]
[0.5767083  0.42329165]
[0.57672024 0.42327985]
[0.57672346 0.42327648]
[0.57674    0.42325997]
[0.5767065  0.42329347]
[0.5767295  0.42327043]
[0.57670444 0.4232956 ]
[0.57669896 0.42330113]
[0.5767302 0.4232699]
[0.57672864 0.4232714 ]
[0.5767281  0.42327195]
[0.57674015 0.42325988]
[0.5766934  0.42330667]
[0.5767122 0.4232879]
[0.57672876 0.42327127]
[0.5767005  0.42329952]
[0.57670754 0.42329243]
[0.5767293 0.4232707]
[0.576711   0.42328903]
[0.5767253 0.4232748]
[0.5767165  0.42328355]
[0.57671773 0.42328233]
[0.5767065  0.42329347]
[0.57670635 0.42329362]
[0.5767034  0.42329645]
[0.57672954 0.42327043]
[0.5767099 0.4232901]
[0.57671547 0.42328453]
[0.576739   0.42326102]
[0.5767383  0.42326176]
[0.5767376  0.42326245]
[0.57672715 0.42327282]
[0.57671326 0.42328689]
[0.5767336 0.4232664]
[0.5767163  0.42328373]
[0.57670283 0.42329717]
[0.5767027 0.4232972]
[0.5766945  0.42330557]
[0.57671386 0.42328614]
[0.57670414 0.42329594]
[0.57672    0.42327988]
[0.5767321 0.423268 ]
[0.5767057  0.42329434]
[0.5766916  0.42330834]
[0.57668966 0.42331043]
[0.57670224 0.4232978 ]
[0.5767158  0.42328417]
[0.57673216 0.42326793]
[0.57672715 0.42327285]
[0.576714   0.42328605]
[0.5767318 0.4232683]
[0.5767115  0.42328855]
[0.57670987 0.42329016]
[0.57672054 0.42327946]
[0.576712   0.42328796]
[0.57672155 0.42327842]
[0.5767066  0.42329344]
[0.5766861 0.423314 ]
